Number of nodes 573 
     0 : -2.3098033e+06  9.5181300e+04  1.0000000e+02 
     1 :  6.2016511e+06  3.7706010e+06  1.0000000e+02 
     2 :  1.7180308e+06 -1.0778453e+07  1.0000000e+02 
     3 :  1.1912761e+07 -3.5869604e+07  1.0000000e+02 
     4 : -1.1584049e+08  5.6174155e+06  1.4282884e+02 
     5 : -2.2037560e+07  1.4104818e+07  1.0000000e+02 
     6 :  2.4050744e+06 -2.3615042e+06  1.0000000e+02 
     7 : -1.2958769e+07  7.6779864e+06  1.0000000e+02 
     8 : -5.8742765e+06  1.2173349e+07  1.0000000e+02 
     9 :  1.3852198e+07  1.4427043e+07  1.0000000e+02 
    10 :  1.2286060e+06 -2.8856566e+06  1.0000000e+02 
    11 : -3.5431580e+06  1.3578502e+07  1.0000000e+02 
    12 : -4.8920310e+06  4.6985560e+06  1.0000000e+02 
    13 : -8.0336841e+05 -2.2227665e+06  1.0000000e+02 
    14 :  4.3893097e+06  5.4590793e+04  1.0000000e+02 
    15 :  1.7378555e+05 -7.5914142e+05  1.0000000e+02 
    16 : -6.9520832e+06  1.1963208e+07  1.0000000e+02 
    17 : -3.0679926e+07  5.1707089e+06  1.0000000e+02 
    18 : -5.9443747e+06  1.3364589e+07  1.0000000e+02 
    19 : -2.7523655e+07  1.8117747e+06  1.0000000e+02 
    20 :  2.9627541e+06 -4.0437554e+06  1.0000000e+02 
    21 :  2.1700246e+06 -8.5332411e+06  1.0000000e+02 
    22 : -5.4771552e+06  8.3261955e+06  1.0000000e+02 
    23 :  2.7543999e+06 -7.6372898e+05  1.0000000e+02 
    24 : -6.5590654e+06  9.2668919e+06  1.0000000e+02 
    25 :  4.2376119e+06 -4.9336986e+05  1.0000000e+02 
    26 : -4.5045538e+06  3.3395370e+06  1.0000000e+02 
    27 :  3.0971492e+06 -8.6778554e+06  1.0000000e+02 
    28 : -4.0082918e+06  3.0043966e+06  1.0000000e+02 
    29 : -8.8828018e+05 -1.5830286e+06  1.0000000e+02 
    30 :  1.9135664e+06  1.1278412e+07  1.0000000e+02 
    31 : -2.4414157e+07  1.6391737e+07  1.0000000e+02 
    32 :  2.2932176e+04 -1.6717531e+06  1.0000000e+02 
    33 :  8.3597232e+05  1.4572020e+06  1.0000000e+02 
    34 : -5.4302513e+05 -1.5595545e+06  1.0000000e+02 
    35 : -4.7053841e+06  5.4001779e+06  1.0000000e+02 
    36 : -4.3860714e+06  7.3391174e+06  1.0000000e+02 
    37 :  1.1922875e+06  1.7759781e+06  1.0000000e+02 
    38 :  5.9204566e+06  9.8309720e+05  1.0000000e+02 
    39 : -4.7215988e+06  5.0301774e+06  1.0000000e+02 
    40 : -4.4732334e+06  2.8299664e+06  1.0000000e+02 
    41 : -4.4606447e+06  2.5382017e+06  1.0000000e+02 
    42 : -1.5243542e+06  1.2787389e+06  1.0000000e+02 
    43 :  5.2349658e+05  1.9708835e+06  1.0000000e+02 
    44 :  1.9506340e+06  1.6344243e+06  1.0000000e+02 
    45 :  3.0475789e+06  9.4795724e+05  1.0000000e+02 
    46 :  4.2115235e+06  4.3313375e+05  1.0000000e+02 
    47 :  5.5947913e+06  3.0784024e+05  1.0000000e+02 
    48 :  5.3432481e+06  2.4158160e+06  2.0193102e+02 
    49 :  5.1163678e+06  2.8829351e+06  1.0000000e+02 
    50 :  6.3686727e+06  4.6949013e+06  1.0000000e+02 
    51 :  4.5326554e+06  7.4787699e+06  1.0000000e+02 
    52 :  4.0126799e+06  7.0020682e+06  1.0000000e+02 
    53 :  1.4992084e+06  9.4742208e+06  1.0000000e+02 
    54 : -1.5451837e+06  1.0187483e+07  1.0000000e+02 
    55 : -1.9835547e+06  1.0885681e+07  1.0000000e+02 
    56 : -3.0589671e+06  1.0282019e+07  1.0000000e+02 
    57 : -2.9556754e+06  9.0975235e+06  1.0000000e+02 
    58 : -2.7593873e+06  8.2084326e+06  1.0000000e+02 
    59 : -3.5928117e+06  7.6700197e+06  1.0000000e+02 
    60 : -3.9380173e+06  6.9379633e+06  1.0000000e+02 
    61 : -3.8515981e+06  6.3153839e+06  1.0000000e+02 
    62 : -3.4993034e+06  5.9088740e+06  1.0000000e+02 
    63 : -3.3532733e+06  5.4648994e+06  1.0000000e+02 
    64 : -2.8983107e+06  5.4336363e+06  1.0000000e+02 
    65 : -3.1336456e+06  5.0668333e+06  1.0000000e+02 
    66 : -3.5175750e+06  4.9520248e+06  1.0000000e+02 
    67 : -3.8666911e+06  5.1752416e+06  1.0000000e+02 
    68 : -4.1443215e+06  5.1432641e+06  1.0000000e+02 
    69 : -3.8628597e+06  4.8282939e+06  3.5963411e+02 
    70 : -3.6948075e+06  4.5266808e+06  1.0000000e+02 
    71 : -3.6731870e+06  4.2159404e+06  1.0000000e+02 
    72 : -3.8489025e+06  3.9473773e+06  1.0000000e+02 
    73 : -3.8623514e+06  3.7935697e+06  1.0000000e+02 
    74 : -3.8321805e+06  3.5548017e+06  1.0000000e+02 
    75 : -3.7109258e+06  3.1608962e+06  1.0000000e+02 
    76 : -3.4595898e+06  2.8314896e+06  1.0000000e+02 
    77 : -3.1053110e+06  2.7679696e+06  1.0000000e+02 
    78 : -2.8378968e+06  2.4840045e+06  1.0000000e+02 
    79 : -2.9099977e+06  1.9293815e+06  1.0000000e+02 
    80 : -3.0715003e+06  1.4439128e+06  1.0000000e+02 
    81 : -3.0986970e+06  9.0110513e+05  1.0000000e+02 
    82 : -3.4566304e+06  1.4785464e+06  1.0000000e+02 
    83 : -3.9689856e+06  1.7437732e+06  1.0000000e+02 
    84 : -3.9868398e+06  1.5051283e+06  1.0000000e+02 
    85 : -3.8611313e+06  1.3481064e+06  1.0000000e+02 
    86 : -3.7107226e+06  1.1853749e+06  1.2165292e+02 
    87 : -3.4170117e+06  1.0838932e+06  1.0000000e+02 
    88 : -3.2789953e+06  4.7478625e+05  1.0000000e+02 
    89 : -2.7838937e+06  2.0589554e+04  1.0000000e+02 
    90 :  6.7067973e+06 -7.8112282e+05  1.0000000e+02 
    91 :  1.1658493e+07 -1.4097137e+06  1.0000000e+02 
    92 :  1.6198417e+07  3.5097629e+06  1.0000000e+02 
    93 :  1.7156747e+07  1.1189153e+07  2.5209677e+02 
    94 :  7.9227824e+06  8.7404605e+06  1.0000000e+02 
    95 : -1.0170842e+06 -7.7940845e+06  1.0000000e+02 
    96 :  1.5431800e+06 -5.8303302e+06  1.0000000e+02 
    97 :  2.0198317e+06 -3.5010238e+06  1.0000000e+02 
    98 : -2.2212807e+04 -3.7555371e+06  1.0000000e+02 
    99 : -1.1832765e+06 -1.9468998e+06  1.0000000e+02 
   100 : -3.2424791e+06 -9.3086722e+05  1.0000000e+02 
   101 : -2.9720481e+06 -1.7076018e+06  1.0000000e+02 
   102 : -2.5924541e+06 -3.9709819e+06  1.0000000e+02 
   103 : -3.3349523e+06 -4.9745608e+06  1.0000000e+02 
   104 : -3.2150825e+06 -6.0129748e+06  1.0000000e+02 
   105 : -2.8605634e+06 -7.5717764e+06  2.9508741e+02 
   106 : -2.3180233e+06 -8.7226595e+06  1.0000000e+02 
   107 :  1.4110017e+07 -1.8083023e+07  1.0000000e+02 
   108 :  1.0164381e+07 -8.7507745e+06  1.0000000e+02 
   109 :  3.6846990e+06 -9.7308058e+06  1.0000000e+02 
   110 :  2.1847260e+06 -1.3079829e+07  1.0000000e+02 
   111 :  3.3743361e+06 -1.5175777e+07  1.0000000e+02 
   112 :  4.9107366e+06 -1.6301524e+07  1.0000000e+02 
   113 :  6.4424001e+06 -1.7987879e+07  1.0000000e+02 
   114 :  6.8033614e+06 -1.9684847e+07  3.2499150e+02 
   115 :  7.2543026e+06 -2.1724338e+07  1.0000000e+02 
   116 :  8.6609001e+06 -2.7505132e+07  1.0000000e+02 
   117 : -7.5930248e+07  1.4702884e+07  1.0000000e+02 
   118 : -4.3497937e+07  4.1009043e+07  3.3374645e+02 
   119 :  2.2281785e+07  6.3093033e+07  7.0723099e+02 
   120 :  7.4387422e+07 -1.2034982e+07  4.0519036e+02 
   121 :  3.4725591e+07 -6.0267702e+07  4.0117904e+02 
   122 :  1.9959387e+07 -7.2386777e+07  1.0000000e+02 
   123 : -1.7669511e+07 -8.0546372e+07  1.0000000e+02 
   124 : -6.6117998e+07 -6.6520710e+07  1.0000000e+02 
   125 : -2.1283726e+07  1.1912204e+07  1.0000000e+02 
   126 : -2.0120253e+07  1.0250293e+07  1.0000000e+02 
   127 : -1.9000858e+07  9.5105027e+06  1.0000000e+02 
   128 : -1.6498990e+07  9.4781186e+06  1.0000000e+02 
   129 : -1.3059389e+07  9.6107740e+06  1.0000000e+02 
   130 : -1.2974457e+07  1.1357196e+07  1.0000000e+02 
   131 : -1.0435123e+07  1.1605896e+07  1.0000000e+02 
   132 : -9.3267271e+06  1.4428791e+07  1.0000000e+02 
   133 : -1.1970549e+07  2.0914504e+07  1.0000000e+02 
   134 :  7.0889943e+05 -4.6110159e+05  1.0000000e+02 
   135 : -1.2029315e+07  7.6542664e+06  1.0000000e+02 
   136 : -1.0926633e+07  8.0175629e+06  1.3972155e+02 
   137 : -1.0200026e+07  8.4928719e+06  2.8614059e+02 
   138 : -9.5562535e+06  9.4516744e+06  2.4789869e+02 
   139 : -8.7105418e+06  9.4666596e+06  1.0000000e+02 
   140 : -9.3878775e+06  9.8065072e+06  1.0000000e+02 
   141 : -1.1816768e+07  9.2120464e+06  1.0000000e+02 
   142 : -5.6082889e+06  1.0732225e+07  1.0000000e+02 
   143 : -4.8064042e+06  1.0823607e+07  1.0000000e+02 
   144 :  1.1494143e+07  1.2186692e+07  1.0000000e+02 
   145 :  2.5523828e+05 -1.9476871e+06  1.0000000e+02 
   146 : -1.7613816e+06  1.1747668e+07  1.0000000e+02 
   147 : -4.9702184e+06  4.3770869e+06  5.4703454e+02 
   148 : -5.0124594e+06  4.2571054e+06  1.0000000e+02 
   149 : -5.0706032e+06  4.2637648e+06  1.0000000e+02 
   150 : -5.0608318e+06  4.1309925e+06  1.0000000e+02 
   151 : -4.9519052e+06  4.0492695e+06  1.0000000e+02 
   152 : -4.8680697e+06  3.9416035e+06  1.0000000e+02 
   153 : -4.8092350e+06  3.8377397e+06  1.0000000e+02 
   154 : -4.7537956e+06  3.7146472e+06  1.0000000e+02 
   155 : -4.6342275e+06  3.6534419e+06  1.0000000e+02 
   156 : -4.5116456e+06  3.5996258e+06  1.0000000e+02 
   157 : -4.5132355e+06  3.6792482e+06  1.0000000e+02 
   158 : -4.5493366e+06  3.8248257e+06  1.0000000e+02 
   159 : -4.6917471e+06  4.0162001e+06  1.0000000e+02 
   160 : -4.6558711e+06  4.3318981e+06  1.0000000e+02 
   161 : -4.6693155e+06  4.6107867e+06  1.0000000e+02 
   162 : -4.4402652e+06  4.9939717e+06  1.0000000e+02 
   163 : -4.6241049e+06  4.8648855e+06  1.0000000e+02 
   164 : -5.8707988e+05 -1.8581706e+06  1.0000000e+02 
   165 :  3.8921281e+06 -3.9754329e+05  1.0000000e+02 
   166 :  2.1465295e+05 -1.4880841e+06  1.0000000e+02 
   167 : -6.7327817e+06  1.0924144e+07  1.0000000e+02 
   168 : -6.5965108e+06  1.0642536e+07  1.0000000e+02 
   169 : -2.9515063e+07  6.0140437e+06  1.0000000e+02 
   170 : -3.9825992e+06  1.3716156e+07  1.0000000e+02 
   171 : -2.4878734e+07  2.2719379e+06  1.0000000e+02 
   172 :  2.4990596e+06 -3.8622375e+06  1.0000000e+02 
   173 :  1.0684516e+06 -8.4855169e+06  1.0000000e+02 
   174 : -5.0775052e+06  8.1957946e+06  8.7098082e+02 
   175 : -5.0584721e+06  7.9832843e+06  1.0000000e+02 
   176 : -4.8589236e+06  7.8335878e+06  1.0000000e+02 
   177 : -4.8053603e+06  8.3169515e+06  1.0000000e+02 
   178 :  2.5122111e+06 -1.0014435e+06  1.0000000e+02 
   179 : -6.6808934e+06  9.0287796e+06  1.0000000e+02 
   180 : -6.5068265e+06  8.8410535e+06  1.0000000e+02 
   181 : -6.2589460e+06  8.8846377e+06  6.9406408e+02 
   182 : -6.1208560e+06  9.3552282e+06  1.0000000e+02 
   183 :  4.0836164e+06 -6.4797324e+05  1.0000000e+02 
   184 : -4.3976694e+06  3.1519265e+06  1.0000000e+02 
   185 : -4.1972932e+06  3.3132622e+06  1.0000000e+02 
   186 : -4.2735933e+06  3.5288737e+06  1.0000000e+02 
   187 : -4.3321790e+06  3.6373497e+06  1.0000000e+02 
   188 : -4.4266770e+06  3.5767405e+06  1.0000000e+02 
   189 :  2.7437503e+06 -8.5051136e+06  9.4294219e+02 
   190 : -3.6149179e+06  2.6769017e+06  1.0000000e+02 
   191 : -3.5287002e+06  2.7468230e+06  1.0000000e+02 
   192 : -1.1348311e+06 -1.6023842e+06  1.0000000e+02 
   193 :  1.7357560e+06  1.0716785e+07  1.0000000e+02 
   194 : -2.3516642e+07  1.5186899e+07  1.0000000e+02 
   195 :  1.4945655e+05 -1.5952199e+06  1.0000000e+02 
   196 :  6.7187366e+05  1.3789723e+06  1.0000000e+02 
   197 : -5.6800253e+05 -1.4261851e+06  2.5747144e+02 
   198 : -4.4164979e+06  5.2584910e+06  1.0000000e+02 
   199 : -4.3639643e+06  7.1315287e+06  1.0000000e+02 
   200 : -4.2802234e+06  6.9304202e+06  1.0000000e+02 
   201 :  1.1854737e+06  1.5572806e+06  1.0000000e+02 
   202 :  5.7477688e+06  8.9145375e+05  1.0000000e+02 
   203 : -4.6639942e+06  4.9072657e+06  1.0000000e+02 
   204 : -4.4332700e+06  2.7661156e+06  3.6769422e+02 
   205 : -4.4664444e+06  2.6225173e+06  1.0000000e+02 
   206 : -5.1457907e+06  4.1751110e+06  1.6606596e+03 
   207 : -4.6211366e+06  3.1302040e+06  2.5176672e+03 
   208 : -1.2448094e+07  6.6367320e+06  5.2185444e+03 
   209 : -2.0569173e+07  8.7470409e+06  3.8690504e+03 
   210 : -5.1866991e+06  7.7233245e+06  4.8158257e+03 
   211 : -5.1604056e+06  4.0690333e+06  2.4563665e+03 
   212 : -5.2563399e+06  4.1482655e+06  6.3379416e+03 
   213 : -5.2988510e+06  4.0074172e+06  5.7067055e+03 
   214 : -5.4439591e+06  4.1393383e+06  5.6645397e+03 
   215 : -5.4794335e+06  3.9536870e+06  4.0923170e+03 
   216 : -5.7496289e+06  3.7744060e+06  5.8144585e+03 
   217 : -3.8199625e+06 -8.6775800e+06  3.6300116e+03 
   218 : -4.6798761e+06  5.1209699e+06  1.0000000e+02 
   219 : -6.7977904e+06  8.7591964e+06  5.2557808e+03 
   220 : -3.9624961e+06  1.0880199e+06  4.5917173e+03 
   221 :  3.8630700e+06 -2.4845363e+07  3.9334479e+03 
   222 : -5.7088311e+06  4.4260365e+06  8.9112473e+03 
   223 : -2.3746855e+07  1.1486471e+07  4.5849681e+03 
   224 : -3.7085109e+06 -1.4651461e+06  1.9545998e+02 
   225 : -4.5206582e+06  7.0111394e+06  3.2330907e+03 
   226 : -1.0056117e+07  7.6938482e+06  2.9998135e+03 
   227 : -2.4219315e+07  6.3390012e+06  9.7751014e+02 
   228 : -5.3208046e+06  3.8008974e+06  5.3597587e+03 
   229 : -3.0202427e+07 -5.0498388e+07  4.8374915e+03 
   230 : -4.2928152e+06 -5.3552065e+06  4.5080571e+03 
   231 :  1.0673392e+06 -1.5006609e+07  4.4336268e+03 
   232 : -6.5003950e+06  4.0588397e+06  5.7296809e+03 
   233 : -6.3909714e+06  3.1160033e+06  5.5780263e+03 
   234 : -3.9844509e+06  2.6309498e+06  8.7055977e+02 
   235 : -4.7406640e+06  3.5737240e+06  1.3250059e+03 
   236 : -7.0779022e+06  1.0530788e+07  1.4356405e+03 
   237 : -6.3736229e+06  8.5704435e+06  8.4408586e+03 
   238 : -6.9588044e+06  9.2141349e+06  4.7278059e+03 
   239 : -4.5526442e+06  1.2089190e+07  1.0000000e+02 
   240 : -2.0418018e+07  4.4773964e+06  1.1419254e+03 
   241 : -6.7117424e+06  9.7394156e+06  4.7366804e+03 
   242 :  8.1448127e+06  1.4942912e+07  2.6522012e+03 
   243 : -6.9861591e+06  7.8262870e+06  5.9555537e+03 
   244 : -3.4626222e+06  2.6328100e+06  1.0000000e+02 
   245 : -7.3596227e+06  3.5534057e+06  5.3494621e+03 
   246 : -7.2878877e+06  2.5189080e+06  5.9881751e+03 
   247 : -8.5707294e+06  2.8670879e+06  5.0192216e+03 
   248 : -4.0230467e+06  3.8633094e+06  3.6171202e+03 
   249 : -3.8783580e+06 -7.6148593e+05  1.4353145e+03 
   250 : -4.5851121e+06 -1.2874089e+06  5.0817545e+03 
   251 : -5.1355079e+06  8.6424457e+06  1.0000000e+02 
   252 : -4.5845768e+06  1.4206070e+07  2.2828075e+03 
   253 : -3.9781837e+06 -3.8578628e+06  4.0562643e+03 
   254 :  4.6974385e+06 -1.8934048e+07  4.4115656e+03 
   255 : -5.0039342e+06  3.9262319e+06  1.2321232e+03 
   256 : -4.8483725e+06  3.6414209e+06  1.9977622e+03 
   257 : -4.8654591e+06  3.4891786e+06  7.1029488e+03 
   258 : -1.3997717e+07  6.1728151e+06  3.9549266e+03 
   259 : -1.2843006e+07  5.1310013e+06  1.6972327e+03 
   260 : -1.4033638e+07  4.1084817e+06  3.6248038e+03 
   261 : -1.2491209e+07  2.5778478e+06  4.2386785e+03 
   262 : -1.5278821e+07  1.4202470e+06  4.8095232e+03 
   263 : -1.2184984e+07  5.0474055e+04  5.4664673e+03 
   264 : -1.4347202e+07 -2.3046014e+06  4.9134005e+03 
   265 : -6.1292498e+06  1.9533716e+06  4.7636841e+03 
   266 : -7.2097979e+06  1.6302929e+06  5.9288581e+03 
   267 : -1.1522822e+07 -3.6528145e+06  5.0070494e+03 
   268 : -1.3464985e+07 -6.0419164e+06  5.4832935e+03 
   269 : -1.5010405e+07 -9.1764549e+06  3.4715656e+03 
   270 : -3.6673926e+06  2.4380290e+06  1.4243651e+03 
   271 :  4.5278140e+06 -5.0493627e+06  5.0139934e+03 
   272 : -1.7645720e+07  7.9667420e+06  9.0866470e+02 
   273 : -1.0268578e+07 -5.6300878e+06  5.0655828e+03 
   274 : -1.0930895e+07 -7.8392873e+06  4.5925692e+03 
   275 : -4.7037824e+07 -2.7271210e+07  3.4391572e+03 
   276 : -2.6507089e+07 -2.9018284e+07  3.2230599e+03 
   277 : -3.2812182e+07 -1.8574055e+07  4.3501785e+03 
   278 : -3.2213270e+06 -1.0345426e+07  3.5641912e+03 
   279 : -5.9077515e+06  8.7223919e+06  3.6723321e+02 
   280 : -5.1364409e+06  1.0100049e+07  1.0000000e+02 
   281 : -7.5590943e+06  4.7675675e+06  5.3978915e+03 
   282 : -4.4616673e+06  4.0149739e+06  2.4123369e+03 
   283 : -4.3230864e+06  4.3329315e+06  3.0076502e+03 
   284 : -4.0455514e+06  5.4021836e+06  1.0000000e+02 
   285 : -9.2511759e+06  8.0431721e+06  4.3125022e+03 
   286 : -9.3139554e+06  6.9243237e+06  3.1580582e+03 
   287 :  1.9741147e+06  3.6689369e+05  2.2111291e+03 
   288 : -2.4338786e+06 -5.8313410e+07  4.8035797e+03 
   289 : -6.3650979e+06  5.1553729e+06  1.8720257e+03 
   290 : -8.4592829e+06 -3.2919248e+06  4.0529253e+03 
   291 :  2.9317457e+07 -2.1551052e+07  4.7214938e+03 
   292 : -4.4302893e+06  6.5830441e+06  1.8945396e+02 
   293 : -5.0310419e+06  6.5930367e+06  6.1556792e+03 
   294 : -1.1217981e+07  6.9233053e+06  7.4762420e+02 
   295 :  4.0409215e+06 -1.2339859e+06  2.8153471e+03 
   296 : -3.4669667e+07  1.0488715e+07  3.8781944e+03 
   297 : -3.0337018e+07  2.3557936e+06  8.0150766e+02 
   298 : -1.0572611e+07  3.6518796e+06  4.8284727e+03 
   299 : -5.3530355e+06 -1.0188488e+07  4.1979976e+03 
   300 : -4.3656382e+06 -1.2158682e+07  3.8728239e+03 
   301 :  8.2062181e+05  1.2384578e+07  4.4590018e+03 
   302 : -2.1509950e+07  2.5457163e+07  4.0451844e+03 
   303 : -4.4402286e+06  3.7895549e+06  1.6049113e+03 
   304 :  1.2488184e+06 -2.0750650e+07  3.6028244e+03 
   305 : -1.7789205e+06 -2.5157115e+07  3.3666110e+03 
   306 : -3.3659710e+06 -2.0630683e+07  3.4387069e+03 
   307 : -6.8311101e+06 -2.3587681e+07  3.3550051e+03 
   308 : -6.6644950e+06 -1.9472171e+07  3.3014257e+03 
   309 : -9.5121527e+06 -2.1337116e+07  2.9429131e+03 
   310 : -9.1102749e+06 -1.7560273e+07  2.8228562e+03 
   311 : -1.2649107e+07 -1.9226008e+07  3.5376578e+03 
   312 : -1.1751357e+07 -1.4490445e+07  4.0925280e+03 
   313 : -6.1386768e+06 -2.9946298e+07  3.8637162e+03 
   314 : -4.1106032e+06 -1.7483783e+07  4.0205951e+03 
   315 : -6.0797761e+05  6.2196324e+04  3.0731128e+03 
   316 : -5.0634860e+06 -2.2348443e+05  5.6925185e+03 
   317 : -5.9471509e+06 -1.0784402e+06  5.6407837e+03 
   318 :  2.5454623e+07  3.0590616e+06  4.8501039e+03 
   319 : -3.4578344e+06  1.8356765e+06  4.3920458e+02 
   320 : -5.5012602e+06 -2.5328340e+06  5.6455455e+03 
   321 : -3.9918901e+06  2.2266279e+06  1.2783265e+03 
   322 : -4.3153710e+06  2.6120206e+06  3.4244479e+03 
   323 : -4.4020920e+06  2.2039474e+06  1.9576845e+03 
   324 : -1.6267869e+07 -1.5109970e+07  4.0523787e+03 
   325 : -1.6674569e+07  5.1677113e+06  2.2381680e+03 
   326 : -4.6399222e+07  1.6090256e+07  2.9410274e+03 
   327 : -5.3796593e+07 -7.2129203e+05  3.7060728e+03 
   328 : -4.5150196e+06  8.0188449e+06  3.9541906e+03 
   329 : -1.4765912e+07  7.9548250e+06  2.0226582e+03 
   330 : -5.5356232e+06  3.2366681e+06  6.0294355e+03 
   331 :  1.8022848e+07 -5.3482818e+07  3.5920045e+03 
   332 :  3.2282794e+07 -4.0956048e+07  3.0219936e+03 
   333 : -4.3778036e+06  8.5698036e+06  4.1854691e+03 
   334 : -1.0038246e+05 -1.2700637e+07  1.1909133e+03 
   335 : -4.8766201e+06  7.3782487e+06  5.5031537e+03 
   336 : -1.8848691e+07 -2.0543238e+07  5.0358549e+03 
   337 : -2.1764721e+07 -1.4390978e+07  5.2718569e+03 
   338 : -1.8699298e+07 -1.1278064e+07  4.4472980e+03 
   339 : -2.2873390e+07 -8.9381754e+06  5.0938190e+03 
   340 : -4.3312754e+06  6.0306954e+06  1.0000000e+02 
   341 : -5.1593162e+06  6.0241655e+06  3.2041821e+03 
   342 : -3.7803524e+06  6.7034561e+05  2.4189056e+03 
   343 : -7.9647353e+06 -5.3327258e+06  5.3653766e+03 
   344 : -6.1610831e+06  2.4148823e+05  5.2033621e+03 
   345 : -7.3200219e+06 -6.5898328e+05  5.3733973e+03 
   346 : -6.8867022e+06 -1.7488501e+06  5.9315316e+03 
   347 : -5.2088361e+06  1.2470535e+06  5.5265490e+03 
   348 : -9.2481486e+06 -1.2032468e+06  5.2565084e+03 
   349 : -1.0013867e+07  8.4191553e+05  5.2206356e+03 
   350 :  4.9831381e+06  1.0020514e+07  4.4019880e+03 
   351 : -1.2806821e+06 -1.0689657e+07  3.8760971e+03 
   352 : -1.8704341e+07 -9.1927949e+05  2.3536179e+03 
   353 : -4.6324017e+06  3.5332282e+06  1.6059673e+03 
   354 : -8.4974599e+06  1.1076735e+07  2.5618735e+03 
   355 : -5.2826438e+06  3.4717382e+06  5.6970557e+03 
   356 : -8.6538194e+06  1.0179607e+07  1.1987701e+03 
   357 : -4.0842083e+06  7.2579875e+06  1.0000000e+02 
   358 : -4.1091200e+06  3.4473804e+06  9.8519234e+02 
   359 : -4.1788713e+06  3.6351525e+06  3.5020696e+03 
   360 : -3.9799997e+06  3.5931138e+06  2.6013378e+03 
   361 :  2.5692405e+06 -3.0846480e+07  3.5982180e+03 
   362 : -8.5590329e+06  8.6933618e+04  4.6750628e+03 
   363 : -1.3121116e+07 -1.1859146e+07  3.2382350e+03 
   364 : -5.1556025e+06  3.9300595e+06  6.8236112e+03 
   365 : -2.7611056e+07 -1.2176736e+07  5.0439380e+03 
   366 : -9.2014580e+06  1.1877521e+07  1.6098060e+03 
   367 : -3.3651419e+06 -2.0408737e+05  1.2868078e+02 
   368 :  2.6629265e+06 -1.7220803e+07  4.5183159e+03 
   369 : -2.7384868e+07 -5.5925752e+06  4.6558503e+03 
   370 : -8.1633300e+06  1.2292830e+07  1.0000000e+02 
   371 : -3.0431556e+07  1.7810002e+07  3.8587100e+03 
   372 : -3.9461571e+06  3.3388292e+06  1.3435239e+03 
   373 : -3.7549868e+06 -2.3964648e+06  4.4692617e+03 
   374 : -1.2003099e+07 -3.9252920e+07  4.1128289e+03 
   375 : -5.0189866e+06  3.0982146e+06  5.4177010e+03 
   376 : -5.2768381e+06  2.5454496e+06  5.6849526e+03 
   377 : -4.2286106e+06  4.7540826e+06  2.0655688e+03 
   378 : -8.3963117e+06 -1.4133030e+07  3.7181983e+03 
   379 : -6.6806212e+06 -3.9377493e+06  5.5622805e+03 
   380 : -7.5978236e+06  8.7225743e+06  5.1998860e+03 
   381 : -3.9539779e+06  4.2001092e+06  3.4957537e+03 
   382 : -7.3883828e+06  7.0854253e+05  5.1598917e+03 
   383 : -6.0405068e+06  1.0148121e+07  4.6795986e+03 
   384 : -6.0428195e+06  8.0714117e+06  5.1717982e+03 
   385 : -5.8408626e+06  7.2089343e+06  5.4969325e+03 
   386 : -7.1518498e+06  6.3537520e+06  4.8745072e+03 
   387 : -5.9898764e+06  6.0405972e+06  4.1716229e+03 
   388 : -7.9304673e+06  7.2917042e+06  3.7085675e+03 
   389 : -6.6384085e+06  5.6818482e+06  4.8686567e+03 
   390 : -7.3624368e+06  5.5525668e+06  1.6986267e+03 
   391 : -7.9441719e+06  6.2895444e+06  3.5948360e+03 
   392 : -5.5833067e+06  7.8460643e+06  3.6927184e+03 
   393 : -4.2836968e+06  3.8029308e+06  3.6129716e+03 
   394 : -5.2686400e+06  8.0337735e+06  4.6814658e+03 
   395 : -5.6724932e+06 -7.3783204e+06  4.6704207e+03 
   396 : -7.0310715e+06 -8.6735700e+06  4.4851466e+03 
   397 : -1.0804186e+07  1.0447048e+07  1.0000000e+02 
   398 : -5.0654957e+06  4.0190935e+06  1.6640601e+03 
   399 : -1.5158417e+07 -1.2305434e+07  4.6413189e+03 
   400 : -4.5667249e+06  3.4890213e+06  1.2415647e+03 
   401 : -4.7030076e+06  3.3760666e+06  5.0241017e+03 
   402 : -4.7059389e+06  2.8592365e+06  8.2384863e+03 
   403 : -4.8753929e+06  2.2077932e+06  5.2259385e+03 
   404 : -5.4042245e+06  1.9115382e+06  5.6787579e+03 
   405 : -4.8147942e+06  1.6966014e+06  5.4766503e+03 
   406 : -4.4505950e+06  2.9084387e+06  5.5565593e+02 
   407 : -1.0030563e+07 -1.1804994e+07  4.0654843e+03 
   408 : -3.2888240e+06  2.3102176e+06  1.0314038e+03 
   409 : -1.7505160e+06 -1.4945782e+07  3.7477648e+03 
   410 : -4.4207141e+06  3.6806827e+06  1.0000000e+02 
   411 : -4.9314064e+06  3.8235182e+06  7.8146156e+02 
   412 : -7.3949924e+07 -1.4372346e+07  4.1454980e+03 
   413 : -1.9733526e+07  6.5153209e+06  1.3803825e+03 
   414 : -2.2979918e+07  1.3575056e+06  3.8677358e+03 
   415 : -7.5519374e+06 -1.1287620e+07  4.4551330e+03 
   416 : -3.6750011e+07 -8.0225821e+06  5.1359938e+03 
   417 : -4.3682815e+06  6.4020916e+05  5.4326463e+03 
   418 : -4.0370948e+06  9.5315884e+06  4.2192068e+03 
   419 : -4.3838368e+06  5.2790870e+06  1.0000000e+02 
   420 : -4.7066435e+06  5.5369964e+06  2.9562778e+02 
   421 : -5.0723287e+06  5.2294393e+06  4.5133816e+03 
   422 :  9.4977837e+05 -1.7570576e+06  1.6709456e+03 
   423 : -2.2075530e+07 -3.9469033e+06  5.5342247e+03 
   424 : -5.1205890e+06  9.1228565e+06  1.0000000e+02 
   425 : -5.0880768e+06  4.3534906e+06  2.9164352e+02 
   426 : -5.3433354e+06  4.3037004e+06  3.1122231e+03 
   427 : -5.3704648e+06  4.7803295e+06  3.6549182e+03 
   428 : -5.2160783e+06  4.5291106e+06  1.6677181e+03 
   429 : -5.9104518e+06  4.9829568e+06  3.5123542e+03 
   430 : -3.9604347e+06  5.7911182e+06  1.0000000e+02 
   431 : -1.9117289e+07  2.1507955e+06  5.1467412e+03 
   432 : -8.1937321e+06 -1.7946864e+06  4.8695796e+03 
   433 : -5.1993647e+06  5.6656068e+06  3.5921284e+03 
   434 : -6.8845183e+06  6.9391526e+06  4.1203604e+03 
   435 :  1.9599650e+07 -6.1591635e+06  4.0568088e+03 
   436 : -6.0541112e+05 -1.7651112e+07  4.3236126e+03 
   437 : -4.1112890e+06  2.8600376e+05  3.9142952e+03 
   438 : -5.5190314e+06  5.2746145e+06  4.7818659e+03 
   439 : -5.9691873e+06  5.5357469e+06  4.9233377e+03 
   440 : -6.7985051e+06  5.0523770e+06  4.0841398e+03 
   441 : -8.1895563e+06  5.2760502e+06  5.4463864e+03 
   442 : -8.3943568e+06  4.4296541e+06  4.8886225e+03 
   443 : -8.8823208e+06  5.9674419e+06  4.7128429e+03 
   444 : -4.6340285e+06  1.3123078e+06  5.6932715e+03 
   445 : -4.5327481e+06  2.0103962e+06  5.6265566e+03 
   446 : -4.2848420e+06  1.0194747e+06  3.6815683e+03 
   447 : -4.2050388e+06  1.3607666e+06  5.4958547e+03 
   448 : -8.3241818e+06  1.9267849e+06  5.8179481e+03 
   449 : -1.0580494e+07 -2.9035881e+06  4.9607986e+03 
   450 : -9.2358355e+06 -2.1969670e+06  5.2650504e+03 
   451 :  1.4587706e+07  2.6626122e+07  4.8823885e+03 
   452 : -1.8173122e+06  1.9435309e+07  5.1551203e+03 
   453 : -9.8899971e+06 -7.5340931e+05  5.4535962e+03 
   454 :  3.7273891e+07 -6.0698883e+06  3.1249457e+03 
   455 : -2.7199937e+06  1.3038732e+07  1.0000000e+02 
   456 :  2.0049606e+06 -7.7504999e+06  4.6521379e+03 
   457 : -2.4633601e+06 -1.2546989e+07  3.2988257e+03 
   458 : -5.8556782e+06  1.2366197e+06  5.7163713e+03 
   459 : -1.1593681e+07 -2.1099138e+06  5.7275093e+03 
   460 : -4.8692323e+06  3.7348730e+06  1.1414786e+03 
   461 : -1.3207629e+07 -2.6864938e+07  3.6332621e+03 
   462 : -2.5457627e+07 -1.8720436e+07  5.1443326e+03 
   463 : -8.1361595e+06  7.8667188e+06  4.2171038e+03 
   464 : -8.5164457e+06  6.6379218e+06  2.3870424e+03 
   465 : -8.0912372e+06  6.8627048e+06  2.3475620e+03 
   466 : -1.0119962e+07  6.0351644e+06  3.6617078e+03 
   467 : -9.4263801e+06  4.8888234e+06  5.6214617e+03 
   468 : -9.2092399e+06  3.7637865e+06  3.9764914e+03 
   469 : -8.3247903e+06  3.5821453e+06  5.8162844e+03 
   470 : -7.6627979e+06  4.2080588e+06  5.8667935e+03 
   471 : -9.4152644e+06  2.7265469e+06  4.5017610e+03 
   472 : -8.5145583e+06  7.2180557e+06  2.7786058e+03 
   473 : -7.5475092e+06  6.9625922e+06  4.7665424e+03 
   474 :  3.7499655e+06 -4.5064176e+07  5.0855324e+03 
   475 : -4.0097847e+06  4.5102553e+06  3.0439765e+03 
   476 : -4.8104084e+06  2.5898922e+06  4.9984281e+03 
   477 : -3.7011705e+06  5.4572533e+06  1.0000000e+02 
   478 : -1.3518783e+07 -9.3901332e+06  1.0519817e+03 
   479 : -1.4095144e+07 -8.0843140e+06  2.1667486e+03 
   480 : -5.1486489e+06  3.6302071e+06  5.6852737e+03 
   481 : -4.9691739e+06  3.6609976e+06  3.9715148e+03 
   482 : -5.0863996e+06  3.7927090e+06  6.8956180e+03 
   483 : -5.0471152e+06  3.4789734e+06  5.3638094e+03 
   484 : -1.0800806e+07  2.0846039e+06  4.4317419e+03 
   485 : -3.6180878e+06  8.4922836e+06  2.7824915e+03 
   486 : -3.4214485e+05 -3.6425827e+07  4.8158693e+03 
   487 : -4.5162689e+06  7.6641182e+06  3.6671070e+03 
   488 : -5.0188571e+06  8.7740499e+05  6.3182687e+03 
   489 : -4.5936226e+06  8.7802279e+05  5.6488132e+03 
   490 : -4.8035290e+06  4.8828302e+05  4.4861174e+03 
   491 : -4.5129815e+06  1.6982806e+05  4.2554026e+03 
   492 : -3.7522125e+06 -1.5360100e+04  3.7821296e+03 
   493 : -6.3473291e+06  4.6851804e+06  4.4756781e+03 
   494 : -7.0813608e+06 -6.8639716e+06  4.8932698e+03 
   495 : -5.9176525e+06 -5.7544327e+06  4.7650219e+03 
   496 : -6.6233783e+06 -1.6056307e+07  3.0889806e+03 
   497 : -4.2570568e+06 -1.4468742e+07  3.4815589e+03 
   498 : -5.3467446e+06 -4.2583136e+06  5.2065831e+03 
   499 : -1.1545233e+07 -9.8966168e+06  3.5732424e+03 
   500 : -1.0328510e+07  7.1099300e+06  4.2275110e+03 
   501 : -4.0904020e+07  4.2536784e+06  5.2924991e+03 
   502 : -5.5147559e+06  7.9210359e+05  5.8077864e+03 
   503 : -5.2764601e+06  4.5747992e+05  5.4793757e+03 
   504 : -4.2074866e+06  2.9145748e+06  3.1945587e+03 
   505 : -4.1588642e+06  3.1900838e+06  1.0000000e+02 
   506 : -6.6097632e+06  1.3506222e+06  5.6701931e+03 
   507 : -5.5964692e+06  2.8613271e+06  5.7664683e+03 
   508 : -4.3256836e+06 -3.4742224e+05  2.8855331e+03 
   509 : -5.9620901e+06  3.4647179e+07  3.6000360e+03 
   510 : -6.5370472e+06  1.3998726e+07  5.0204524e+03 
   511 : -4.8218677e+06  6.0419486e+06  2.9033496e+02 
   512 : -4.2634736e+06  5.5847216e+06  1.3834544e+02 
   513 : -1.0665229e+07  4.8861093e+06  3.4367033e+03 
   514 : -1.1576155e+07  5.5525940e+06  2.8254971e+03 
   515 : -1.2136314e+07  4.1639238e+06  3.1857305e+03 
   516 :  3.4241723e+07  1.2763181e+07  3.5185623e+03 
   517 : -4.0769709e+06  6.4841228e+06  1.0000000e+02 
   518 : -7.5113451e+06  1.1253202e+07  4.8476330e+03 
   519 : -7.8749304e+06  1.0609374e+07  2.0063488e+03 
   520 : -7.7340698e+06  9.7154812e+06  1.0000000e+02 
   521 : -1.2751887e+07 -8.2877664e+06  4.8680986e+03 
   522 : -1.2853216e+07 -1.0627108e+07  2.3805706e+03 
   523 : -9.3158112e+06 -9.4225739e+06  4.4236520e+03 
   524 : -1.1823425e+07 -1.1781316e+07  3.4896327e+03 
   525 : -1.4418266e+07 -1.0601518e+07  4.3306464e+03 
   526 : -4.1198981e+06  7.7765097e+06  1.5841213e+03 
   527 : -4.0925179e+06  7.8223262e+05  3.2066713e+03 
   528 : -4.2032830e+06  4.0513101e+06  3.2641073e+03 
   529 : -5.4180714e+06  5.9339419e+06  2.2953975e+03 
   530 : -5.6341173e+06  6.4549255e+06  5.9531130e+03 
   531 : -5.5408167e+06  5.6615602e+06  5.1443987e+03 
   532 : -5.6806748e+06  5.8903232e+06  4.6909392e+03 
   533 : -5.2906541e+06  6.1467208e+06  2.9408177e+03 
   534 : -4.8945547e+06  4.9756658e+06  2.7254080e+03 
   535 : -5.1073503e+06  4.8571732e+06  4.0696149e+03 
   536 : -5.3053647e+06  5.0419774e+06  3.8124387e+03 
   537 : -7.8864073e+06  2.8489696e+06  5.4890645e+03 
   538 : -9.4919613e+06  1.0648496e+07  1.1341497e+03 
   539 : -6.2523993e+06  2.2326341e+06  4.2240461e+03 
   540 : -5.9192674e+06  2.4092859e+06  4.2398559e+03 
   541 : -3.6862900e+06  2.0903478e+06  1.0472514e+03 
   542 :  4.8109790e+06 -2.1364391e+07  4.3181888e+03 
   543 : -9.6954380e+06 -2.7571673e+06  5.3088583e+03 
   544 : -9.8045730e+06 -3.9374741e+06  5.2682626e+03 
   545 : -1.0245128e+07 -1.9313093e+06  5.1686271e+03 
   546 : -1.0862389e+07 -9.0821820e+05  5.8536202e+03 
   547 : -5.1860742e+06  4.3372005e+06  1.2540667e+03 
   548 : -5.1955238e+06  4.2371759e+06  4.5133798e+03 
   549 : -6.0251678e+06 -1.2838360e+07  4.1801124e+03 
   550 : -7.0095022e+06  4.4394214e+06  5.8397204e+03 
   551 : -8.7161366e+06 -7.1490759e+06  5.0871824e+03 
   552 : -6.3725030e+06  6.4852461e+06  5.8556122e+03 
   553 : -6.6058031e+06  2.2072186e+06  5.8598435e+03 
   554 : -5.5633728e+06  4.9132770e+06  3.5624345e+03 
   555 : -4.1520703e+06  1.0959371e+07  1.2438455e+02 
   556 : -5.2829899e+06 -8.3745966e+06  4.2949401e+03 
   557 : -4.4920515e+06 -6.4990932e+06  4.3073364e+03 
   558 : -1.5811709e+07 -7.7586656e+06  4.0277743e+03 
   559 : -5.5900424e+06  6.1105896e+06  3.2429574e+03 
   560 : -7.2056032e+06 -2.6845813e+06  5.1699942e+03 
   561 : -4.5365420e+06  2.6261520e+06  4.5076943e+02 
   562 : -4.4241362e+06  2.4157210e+06  2.8595860e+03 
   563 : -4.5953413e+06  2.3297315e+06  7.1365804e+03 
   564 : -4.2590230e+06  2.0326649e+06  2.2622433e+02 
   565 : -4.2061574e+06  2.3340841e+06  2.3976101e+03 
   566 : -4.3604967e+06  1.6723476e+06  6.4876055e+03 
   567 : -2.9084744e+07  1.0038794e+07  4.9059214e+03 
   568 : -8.4674413e+06  8.8641254e+06  3.7370516e+03 
   569 : -4.3132920e+06 -7.6117109e+06  3.8183485e+03 
   570 : -1.6673325e+07 -9.8942832e+06  2.2638125e+03 
   571 : -1.8811339e+07 -7.2518041e+06  4.9932440e+03 
   572 : -1.7088557e+07 -4.2903870e+06  5.3596833e+03 
Number of triangles 912 
     0 :    128    272    329 
     1 :     80    319     82 
     2 :    411    481    460 
     3 :     66    477     67 
     4 :    213    214    215 
     5 :    149    547    548 
     6 :    118    326    371 
     7 :     76    244     77 
     8 :    349    471    484 
     9 :    275    277    416 
    10 :    317    344    345 
    11 :    309    311    461 
    12 :    149    206    150 
    13 :    247    471    448 
    14 :    253    320    498 
    15 :    293    341    511 
    16 :    307    309    461 
    17 :    478    499    521 
    18 :    161    283    377 
    19 :    304    306    305 
    20 :    127    209    272 
    21 :    341    529    433 
    22 :    266    448    382 
    23 :    307    306    308 
    24 :    348    362    453 
    25 :    305    313    361 
    26 :    286    464    472 
    27 :     83    321    564 
    28 :    159    282    160 
    29 :    294    514    466 
    30 :    292    511    340 
    31 :    253    373    320 
    32 :    496    497    549 
    33 :    282    303    393 
    34 :      3    474    331 
    35 :    449    543    545 
    36 :    256    481    257 
    37 :    245    550    470 
    38 :    341    433    511 
    39 :    285    286    472 
    40 :    180    237    181 
    41 :     74    372     75 
    42 :    306    307    305 
    43 :    227    240    413 
    44 :    281    470    550 
    45 :    264    268    267 
    46 :    258    329    325 
    47 :    378    496    549 
    48 :    117    326    118 
    49 :    349    448    471 
    50 :    158    303    282 
    51 :    375    476    402 
    52 :    340    420    512 
    53 :    276    461    336 
    54 :    186    358    359 
    55 :    358    360    359 
    56 :    426    548    547 
    57 :     83    541    321 
    58 :     12    428    147 
    59 :    417    490    491 
    60 :    442    469    470 
    61 :    233    540    507 
    62 :    298    513    515 
    63 :    289    439    389 
    64 :     79    408    319 
    65 :    320    346    560 
    66 :    224    250    373 
    67 :    409    457    497 
    68 :     45    287     46 
    69 :    334    351    457 
    70 :     65     63     66 
    71 :    218    421    534 
    72 :     90    295    271 
    73 :    234    504    322 
    74 :    131    366    132 
    75 :    130    141    397 
    76 :    307    461    313 
    77 :    125    223    126 
    78 :    275    416    327 
    79 :    395    569    557 
    80 :    291    454    435 
    81 :    132    452    133 
    82 :    151    255    152 
    83 :    221    305    361 
    84 :     93    242     94 
    85 :    155    353    156 
    86 :    227    297    414 
    87 :    227    414    240 
    88 :    181    279    182 
    89 :    232    550    245 
    90 :      2    334    110 
    91 :    212    426    214 
    92 :    100    224    101 
    93 :    120    291    332 
    94 :    352    414    423 
    95 :    276    374    461 
    96 :    290    379    560 
    97 :     63    477     66 
    98 :    154    256    235 
    99 :    296    371    326 
   100 :    310    496    378 
   101 :    250    320    373 
   102 :    160    283    161 
   103 :    121    331    122 
   104 :    267    268    273 
   105 :    391    465    464 
   106 :    261    263    484 
   107 :     78    408     79 
   108 :    210    392    385 
   109 :    344    503    502 
   110 :    234    322    565 
   111 :    345    432    346 
   112 :    312    363    399 
   113 :    375    376    476 
   114 :     59    357     60 
   115 :     84    447     85 
   116 :    157    303    158 
   117 :    212    548    426 
   118 :    151    398    255 
   119 :    314    409    497 
   120 :    262    352    264 
   121 :    337    339    365 
   122 :     73    360     74 
   123 :    221    304    305 
   124 :    311    336    461 
   125 :    107    435    108 
   126 :    209    227    413 
   127 :    407    523    499 
   128 :    340    511    420 
   129 :    395    557    495 
   130 :    233    507    330 
   131 :    246    448    266 
   132 :    386    389    552 
   133 :    289    429    439 
   134 :    442    467    468 
   135 :     76    191    244 
   136 :    250    317    320 
   137 :    298    471    468 
   138 :     68    377     69 
   139 :     77    408     78 
   140 :    324    337    336 
   141 :    324    338    337 
   142 :    388    472    465 
   143 :    334    457    409 
   144 :    346    432    560 
   145 :    137    285    138 
   146 :    240    431    325 
   147 :    276    229    374 
   148 :     64     63     65 
   149 :    257    375    401 
   150 :    138    285    568 
   151 :    337    338    339 
   152 :    268    558    479 
   153 :    150    211    398 
   154 :    120    332    121 
   155 :    308    310    309 
   156 :    313    374    486 
   157 :    102    373    253 
   158 :     68    162    377 
   159 :     61    430     62 
   160 :    120    454    291 
   161 :      3    116    361 
   162 :    207    401    375 
   163 :    390    391    441 
   164 :    338    571    339 
   165 :     61    340    430 
   166 :    231    334    409 
   167 :    349    453    362 
   168 :    190    234    270 
   169 :    152    255    411 
   170 :    275    229    276 
   171 :      5    133    302 
   172 :    247    537    469 
   173 :    391    443    441 
   174 :    250    316    317 
   175 :    264    572    268 
   176 :    276    462    277 
   177 :    263    349    484 
   178 :    153    460    154 
   179 :    286    466    443 
   180 :      4    124    412 
   181 :    386    390    389 
   182 :    423    571    572 
   183 :    265    458    404 
   184 :    112    254    113 
   185 :    396    523    415 
   186 :    290    343    379 
   187 :    286    443    464 
   188 :    150    398    151 
   189 :    292    293    511 
   190 :    348    453    545 
   191 :    254    368    304 
   192 :    420    433    421 
   193 :     26    401    207 
   194 :    154    235    155 
   195 :    182    424    280 
   196 :    313    461    374 
   197 :     51    350     53 
   198 :    263    264    459 
   199 :    184    207    406 
   200 :     97    295    422 
   201 :    420    511    433 
   202 :    333    424    251 
   203 :    313    486    361 
   204 :     89    367    100 
   205 :    158    282    159 
   206 :    374    474    486 
   207 :    314    436    409 
   208 :    407    415    523 
   209 :    150    206    211 
   210 :     58    485     59 
   211 :    288    474    374 
   212 :    316    344    317 
   213 :    308    314    496 
   214 :    257    483    375 
   215 :    154    460    256 
   216 :     77    244    408 
   217 :      3    332    291 
   218 :    378    415    407 
   219 :    344    502    458 
   220 :    269    478    479 
   221 :    276    336    462 
   222 :    376    403    476 
   223 :    323    563    445 
   224 :     62    430    477 
   225 :    523    396    551 
   226 :    278    457    351 
   227 :    262    431    352 
   228 :     24    238    179 
   229 :    273    268    274 
   230 :    275    327    412 
   231 :    117    327    326 
   232 :     91    108    435 
   233 :    311    312    324 
   234 :    216    233    330 
   235 :    163    218    534 
   236 :    312    399    324 
   237 :    126    223    209 
   238 :    119    516    120 
   239 :    296    326    501 
   240 :    288    374    229 
   241 :    488    502    503 
   242 :    419    512    420 
   243 :    427    536    554 
   244 :    421    433    438 
   245 :    312    378    407 
   246 :    283    475    377 
   247 :    232    245    233 
   248 :    115    221    116 
   249 :    339    571    423 
   250 :    386    473    391 
   251 :    333    328    526 
   252 :    300    497    457 
   253 :    306    304    436 
   254 :    222    427    554 
   255 :    290    544    343 
   256 :    344    382    345 
   257 :    323    565    562 
   258 :    343    495    379 
   259 :    297    416    369 
   260 :    362    382    448 
   261 :     59    485    526 
   262 :    312    524    363 
   263 :    314    497    496 
   264 :    260    325    262 
   265 :    441    467    442 
   266 :    395    494    396 
   267 :    240    325    413 
   268 :     97    271    295 
   269 :    233    553    540 
   270 :    103    253    230 
   271 :    442    468    469 
   272 :    352    423    572 
   273 :    242    452    301 
   274 :    385    434    552 
   275 :    296    297    567 
   276 :    185    505    358 
   277 :    311    324    336 
   278 :    349    362    448 
   279 :    279    251    424 
   280 :    155    235    353 
   281 :    258    260    259 
   282 :    354    366    538 
   283 :      8    143    239 
   284 :    296    501    297 
   285 :    207    402    406 
   286 :    316    503    344 
   287 :    342    437    492 
   288 :    212    214    213 
   289 :    348    450    432 
   290 :    207    375    402 
   291 :    182    279    424 
   292 :    322    504    406 
   293 :    130    397    131 
   294 :    316    491    490 
   295 :    307    313    305 
   296 :    387    389    439 
   297 :    290    432    450 
   298 :    136    226    137 
   299 :    122    331    288 
   300 :    281    390    441 
   301 :    333    526    485 
   302 :     70    381     71 
   303 :    292    340    517 
   304 :    298    484    471 
   305 :    262    325    431 
   306 :    322    562    565 
   307 :    243    388    473 
   308 :    262    264    263 
   309 :    110    231    111 
   310 :     61    517    340 
   311 :    319    408    541 
   312 :    307    308    309 
   313 :    299    396    415 
   314 :     93    516    451 
   315 :    106    278    351 
   316 :    403    404    405 
   317 :      3    361    486 
   318 :    248    359    360 
   319 :    344    458    506 
   320 :    153    411    460 
   321 :    265    404    540 
   322 :    109    271    456 
   323 :    254    304    542 
   324 :    278    299    300 
   325 :    209    223    227 
   326 :    147    428    425 
   327 :    152    411    153 
   328 :    488    503    490 
   329 :     42    315     43 
   330 :    116    221    361 
   331 :    273    343    544 
   332 :    340    512    430 
   333 :    227    567    297 
   334 :    270    234    321 
   335 :     69    475     70 
   336 :     68    419    162 
   337 :    231    409    436 
   338 :    270    541    408 
   339 :    277    365    416 
   340 :     73    248    360 
   341 :    118    509    119 
   342 :    310    378    312 
   343 :    320    379    498 
   344 :    282    393    528 
   345 :    375    507    376 
   346 :    278    300    457 
   347 :    266    382    506 
   348 :     62    477     63 
   349 :    379    495    498 
   350 :    347    488    444 
   351 :      0     99    315 
   352 :     28     75    372 
   353 :    298    467    513 
   354 :    228    355    480 
   355 :    235    401    353 
   356 :    306    436    314 
   357 :    218    420    421 
   358 :    230    253    498 
   359 :     91    435     92 
   360 :    444    446    447 
   361 :    558    571    570 
   362 :    264    267    459 
   363 :    273    551    343 
   364 :    274    268    521 
   365 :     36    200    357 
   366 :    124    275    412 
   367 :    285    226    286 
   368 :    160    282    283 
   369 :      7    258    208 
   370 :     56    418     57 
   371 :    242    451    452 
   372 :    100    249    224 
   373 :    466    513    467 
   374 :    216    232    233 
   375 :    339    369    365 
   376 :    110    334    231 
   377 :    450    545    543 
   378 :     57    485     58 
   379 :      2    456     95 
   380 :    429    438    439 
   381 :    264    352    572 
   382 :    132    366    370 
   383 :    234    565    321 
   384 :    339    423    369 
   385 :    345    382    362 
   386 :    403    405    445 
   387 :    278    217    299 
   388 :    426    547    428 
   389 :    143    280    555 
   390 :     71    381     72 
   391 :    102    253    103 
   392 :    265    506    458 
   393 :    347    405    404 
   394 :    523    551    274 
   395 :    261    262    263 
   396 :     93    318    516 
   397 :    347    404    458 
   398 :    317    345    346 
   399 :     28    504    234 
   400 :    286    500    466 
   401 :    243    434    385 
   402 :    268    479    521 
   403 :    395    495    494 
   404 :    124    229    275 
   405 :    348    545    450 
   406 :    444    488    489 
   407 :    245    537    246 
   408 :    233    245    246 
   409 :    317    346    320 
   410 :    256    460    481 
   411 :    294    466    500 
   412 :     69    377    475 
   413 :    123    288    229 
   414 :    330    507    375 
   415 :    261    484    298 
   416 :    297    501    416 
   417 :    387    552    389 
   418 :    323    562    563 
   419 :    242    301    350 
   420 :     46    287    295 
   421 :    106    217    278 
   422 :    449    544    543 
   423 :     88    342    492 
   424 :    395    396    556 
   425 :    132    510    452 
   426 :    352    431    414 
   427 :     56    555    418 
   428 :    396    494    551 
   429 :    464    465    472 
   430 :    293    385    530 
   431 :    259    515    514 
   432 :    208    258    259 
   433 :     93    451    242 
   434 :    376    404    403 
   435 :    284    477    430 
   436 :    338    570    571 
   437 :    218    419    420 
   438 :    488    490    489 
   439 :    246    266    553 
   440 :     43    315    287 
   441 :    304    368    436 
   442 :    529    559    532 
   443 :    139    568    520 
   444 :    387    559    530 
   445 :    333    418    424 
   446 :    216    222    232 
   447 :    182    280    383 
   448 :    384    385    392 
   449 :    123    229    124 
   450 :    122    288    123 
   451 :    402    476    561 
   452 :    235    257    401 
   453 :    222    428    427 
   454 :    215    216    228 
   455 :    273    274    551 
   456 :    243    463    388 
   457 :    111    231    368 
   458 :    230    498    495 
   459 :    250    508    316 
   460 :    210    385    335 
   461 :    142    168    383 
   462 :     59    526    357 
   463 :    277    462    365 
   464 :    270    321    541 
   465 :    349    546    453 
   466 :    245    470    469 
   467 :    301    452    455 
   468 :    407    499    524 
   469 :      2    109    456 
   470 :    119    451    516 
   471 :    274    499    523 
   472 :    312    407    524 
   473 :     70    475    381 
   474 :    309    310    311 
   475 :    272    209    413 
   476 :    274    521    499 
   477 :    221    542    304 
   478 :     36    335    225 
   479 :     92    318     93 
   480 :    403    563    476 
   481 :    272    413    325 
   482 :    133    452    509 
   483 :    421    438    536 
   484 :    437    508    492 
   485 :     67    284     68 
   486 :    235    256    257 
   487 :     68    284    419 
   488 :    427    535    536 
   489 :    451    509    452 
   490 :    287    422    295 
   491 :     43    287     44 
   492 :     83    319    541 
   493 :    248    393    359 
   494 :    265    539    553 
   495 :    208    259    514 
   496 :     55    455     56 
   497 :    231    436    368 
   498 :    308    306    314 
   499 :    322    406    561 
   500 :      3    486    474 
   501 :    112    368    254 
   502 :    344    506    382 
   503 :    283    528    381 
   504 :    261    298    515 
   505 :    376    540    404 
   506 :    327    416    501 
   507 :    223    567    227 
   508 :    365    369    416 
   509 :    293    335    385 
   510 :    217    556    299 
   511 :    280    424    418 
   512 :    230    495    557 
   513 :    224    249    250 
   514 :    285    472    463 
   515 :    389    390    440 
   516 :    105    217    106 
   517 :     28    372    505 
   518 :     67    477    284 
   519 :     57    418    485 
   520 :    260    262    261 
   521 :    347    502    488 
   522 :    480    483    481 
   523 :    184    505    185 
   524 :    176    328    177 
   525 :    286    226    500 
   526 :    240    414    431 
   527 :    117    412    327 
   528 :    156    353    400 
   529 :    316    490    503 
   530 :    265    540    539 
   531 :    220    446    527 
   532 :    354    356    519 
   533 :    318    435    454 
   534 :     92    435    318 
   535 :    310    312    311 
   536 :    245    469    537 
   537 :    283    381    475 
   538 :    316    508    491 
   539 :    118    371    302 
   540 :    336    337    462 
   541 :    324    399    338 
   542 :    290    450    543 
   543 :    118    302    509 
   544 :    208    514    294 
   545 :    299    556    396 
   546 :    429    554    438 
   547 :     53    301     54 
   548 :    266    506    553 
   549 :    522    524    499 
   550 :     86    220    342 
   551 :    433    531    438 
   552 :    358    372    360 
   553 :    270    408    244 
   554 :    105    569    217 
   555 :    449    545    459 
   556 :    299    415    549 
   557 :    206    212    211 
   558 :    298    468    467 
   559 :    358    505    372 
   560 :    220    527    342 
   561 :    222    426    428 
   562 :    280    418    555 
   563 :    288    331    474 
   564 :    438    531    439 
   565 :    403    445    563 
   566 :    378    549    415 
   567 :    135    294    136 
   568 :    186    359    187 
   569 :    439    531    532 
   570 :    217    569    556 
   571 :    290    543    544 
   572 :    111    368    112 
   573 :    225    335    293 
   574 :    443    466    467 
   575 :    216    355    228 
   576 :     22    384    392 
   577 :    211    212    213 
   578 :    114    542    115 
   579 :    427    428    535 
   580 :    214    426    222 
   581 :    525    269    570 
   582 :      3    331    332 
   583 :    131    538    366 
   584 :     96    271     97 
   585 :    265    553    506 
   586 :     54    301     55 
   587 :    104    230    557 
   588 :    299    549    300 
   589 :     83    564    566 
   590 :    247    448    537 
   591 :     95    456     96 
   592 :     99    422    315 
   593 :    236    518    519 
   594 :    354    518    370 
   595 :    284    430    512 
   596 :    199    225    200 
   597 :    258    325    260 
   598 :    103    230    104 
   599 :    402    561    406 
   600 :    249    508    250 
   601 :    222    493    232 
   602 :    300    549    497 
   603 :    133    509    302 
   604 :     56    455    555 
   605 :    273    544    267 
   606 :    257    481    483 
   607 :    260    261    515 
   608 :    337    365    462 
   609 :    269    558    570 
   610 :     53    350    301 
   611 :    222    554    429 
   612 :    136    500    226 
   613 :    168    236    241 
   614 :    162    218    163 
   615 :    100    367    249 
   616 :     94    242    350 
   617 :    333    485    418 
   618 :    142    280    143 
   619 :     98    422     99 
   620 :    343    494    495 
   621 :    137    226    285 
   622 :    440    550    493 
   623 :    441    443    467 
   624 :    177    328    333 
   625 :     88    367     89 
   626 :    113    254    114 
   627 :     97    422     98 
   628 :    140    538    397 
   629 :    385    552    530 
   630 :    323    564    565 
   631 :    168    241    383 
   632 :      4    412    117 
   633 :    386    434    473 
   634 :    263    546    349 
   635 :    444    489    446 
   636 :    282    528    283 
   637 :    289    389    440 
   638 :    289    493    429 
   639 :    347    458    502 
   640 :    355    375    483 
   641 :    287    315    422 
   642 :    284    512    419 
   643 :    387    530    552 
   644 :    162    419    218 
   645 :     22    392    394 
   646 :    259    260    515 
   647 :    425    428    547 
   648 :    328    487    526 
   649 :    387    439    532 
   650 :     60    357    200 
   651 :     12    535    428 
   652 :    285    463    568 
   653 :     28    505    504 
   654 :    395    556    569 
   655 :    238    520    380 
   656 :    376    507    540 
   657 :    321    565    564 
   658 :     36    526    487 
   659 :    243    385    384 
   660 :    289    440    493 
   661 :     26    400    401 
   662 :     16    370    518 
   663 :    347    444    405 
   664 :     12    534    535 
   665 :    233    246    553 
   666 :    119    509    451 
   667 :    269    525    478 
   668 :     72    381    248 
   669 :    115    542    221 
   670 :    246    537    448 
   671 :    216    330    355 
   672 :    187    359    393 
   673 :    167    518    236 
   674 :    101    224    373 
   675 :    236    519    520 
   676 :    175    210    176 
   677 :    263    459    546 
   678 :    248    528    393 
   679 :    225    293    292 
   680 :    243    473    434 
   681 :    338    399    570 
   682 :    522    478    525 
   683 :    478    521    479 
   684 :    252    455    452 
   685 :    237    243    384 
   686 :    139    520    356 
   687 :    252    452    510 
   688 :    519    356    520 
   689 :    232    493    550 
   690 :    453    546    545 
   691 :    210    394    392 
   692 :     22    279    384 
   693 :    114    254    542 
   694 :    326    327    501 
   695 :    438    554    536 
   696 :     74    360    372 
   697 :    249    492    508 
   698 :    322    561    562 
   699 :    354    538    356 
   700 :     96    456    271 
   701 :     47    295     90 
   702 :    126    209    127 
   703 :    206    548    212 
   704 :    249    367    492 
   705 :    296    567    371 
   706 :    149    425    547 
   707 :    190    270    244 
   708 :    391    473    465 
   709 :     24    182    241 
   710 :    343    551    494 
   711 :    238    241    520 
   712 :    387    532    559 
   713 :    179    238    219 
   714 :    213    215    228 
   715 :    243    380    463 
   716 :      5    302    371 
   717 :    417    489    490 
   718 :     36    357    526 
   719 :    386    552    434 
   720 :    330    375    355 
   721 :    187    393    410 
   722 :    522    525    363 
   723 :    239    555    455 
   724 :    525    570    399 
   725 :    529    532    531 
   726 :    139    356    140 
   727 :    433    529    531 
   728 :    417    446    489 
   729 :    200    225    292 
   730 :    219    238    380 
   731 :      0    315     42 
   732 :    354    370    366 
   733 :    176    487    328 
   734 :    147    425    148 
   735 :     22    394    174 
   736 :    222    429    493 
   737 :    182    383    241 
   738 :    248    381    528 
   739 :    353    401    400 
   740 :    219    243    237 
   741 :    303    410    393 
   742 :    520    568    380 
   743 :     36    487    335 
   744 :    255    398    364 
   745 :    363    525    399 
   746 :    269    479    558 
   747 :    267    544    449 
   748 :    219    380    243 
   749 :    220    447    446 
   750 :      5    371    223 
   751 :    480    481    482 
   752 :    136    294    500 
   753 :     85    447    220 
   754 :    131    397    538 
   755 :    211    364    398 
   756 :    236    520    241 
   757 :    120    516    454 
   758 :    156    188    410 
   759 :    380    568    463 
   760 :    142    383    280 
   761 :    279    237    384 
   762 :    156    410    157 
   763 :     44    287     45 
   764 :     46    295     47 
   765 :    228    480    482 
   766 :      7    208    135 
   767 :    187    410    188 
   768 :     55    301    455 
   769 :    211    213    364 
   770 :    388    463    472 
   771 :     72    248     73 
   772 :    405    566    445 
   773 :    135    208    294 
   774 :    411    482    481 
   775 :    148    425    149 
   776 :    459    545    546 
   777 :    180    219    237 
   778 :    176    335    487 
   779 :    143    555    239 
   780 :    157    410    303 
   781 :    223    371    567 
   782 :    318    454    516 
   783 :    175    394    210 
   784 :     88    492    367 
   785 :      5    223    125 
   786 :    255    482    411 
   787 :    355    483    480 
   788 :    522    363    524 
   789 :      8    510     16 
   790 :    388    465    473 
   791 :    190    244    191 
   792 :    445    566    564 
   793 :    405    444    566 
   794 :    176    210    335 
   795 :    323    445    564 
   796 :    444    447    566 
   797 :      8    239    252 
   798 :     85    220     86 
   799 :    267    449    459 
   800 :    213    228    364 
   801 :    132    370    510 
   802 :    174    394    175 
   803 :    140    356    538 
   804 :    228    482    364 
   805 :    181    237    279 
   806 :     16    510    370 
   807 :    239    455    252 
   808 :    255    364    482 
   809 :    167    236    168 
   810 :      8    252    510 
   811 :    121    332    331 
   812 :     24    241    238 
   813 :    179    219    180 
   814 :     90      1     48 
   815 :     50     49      1 
   816 :     51     53     52 
   817 :    109      2    110 
   818 :      1     94     50 
   819 :     82     81     80 
   820 :    108    271    109 
   821 :     28    234    190 
   822 :     82    319     83 
   823 :    128    329    129 
   824 :     16    518    167 
   825 :      2    106    351 
   826 :    185    358    186 
   827 :    140    397    141 
   828 :    101    373    102 
   829 :    161    377    162 
   830 :    156    400    188 
   831 :     26    188    400 
   832 :     60    517     61 
   833 :     26    207    184 
   834 :     90     48     47 
   835 :      1     49     48 
   836 :     79    319     80 
   837 :    478    522    499 
   838 :    417    527    446 
   839 :      0     89    100 
   840 :    141    130    129 
   841 :    100     99      0 
   842 :    177    333    251 
   843 :    127    272    128 
   844 :     22    251    279 
   845 :    275    276    277 
   846 :     36    225    199 
   847 :     22    177    251 
   848 :      3    291    107 
   849 :    354    519    518 
   850 :      7    329    258 
   851 :    272    325    329 
   852 :      2    351    334 
   853 :    386    391    390 
   854 :    107    291    435 
   855 :    281    441    442 
   856 :    391    464    443 
   857 :    281    442    470 
   858 :    417    491    437 
   859 :    308    496    310 
   860 :    437    491    508 
   861 :    466    514    513 
   862 :    513    514    515 
   863 :    293    533    341 
   864 :    341    533    529 
   865 :     12    163    534 
   866 :    149    548    206 
   867 :    539    540    553 
   868 :    290    560    432 
   869 :    320    560    379 
   870 :    138    568    139 
   871 :     84     83    566 
   872 :    566    447     84 
   873 :    222    216    215 
   874 :    215    214    222 
   875 :    572    571    558 
   876 :    558    268    572 
   877 :     51     50     94 
   878 :     94    350     51 
   879 :      8     16    168 
   880 :    168    142      8 
   881 :    271    108     91 
   882 :     91     90    271 
   883 :    569    105    104 
   884 :    104    557    569 
   885 :    432    345    362 
   886 :    362    348    432 
   887 :    437    342    527 
   888 :    527    417    437 
   889 :    561    476    563 
   890 :    563    562    561 
   891 :      7    141    129 
   892 :    129    329      7 
   893 :    342     88     87 
   894 :     87     86    342 
   895 :    184    406    504 
   896 :    504    505    184 
   897 :    414    297    369 
   898 :    369    423    414 
   899 :    421    536    535 
   900 :    535    534    421 
   901 :    517     60    200 
   902 :    200    292    517 
   903 :    247    469    468 
   904 :    468    471    247 
   905 :    559    529    533 
   906 :    281    550    440 
   907 :    440    390    281 
   908 :    191     76     75 
   909 :     75     28    191 
   910 :    530    559    533 
   911 :    533    293    530 
