Number of nodes 9
     0 : -1.6666666666666666  -0.6666666666666666  0.3333333333333333
     1 :  0.0000000000000000  -1.8000000000000000  0.6000000000000000 
     2 :  0.6666666666666666  -0.6666666666666666  0.3333333333333333 
     3 : -1.8000000000000000   0.0000000000000000  0.6000000000000000
     4 :  0.0000000000000000   0.0000000000000000  1.0000000000000000
     5 :  0.8000000000000000   0.0000000000000000  0.6000000000000000
     6 : -1.6666666666666666   0.6666666666666666  0.3333333333333333
     7 :  0.0000000000000000   1.8000000000000000  0.6000000000000000 
     8 :  0.6666666666666666   0.6666666666666666  0.3333333333333333
Number of triangles 8
     0 :    0    4    3
     1 :    4    0    1
     2 :    1    5    4
     3 :    5    1    2
     4 :    3    7    6
     5 :    7    3    4
     6 :    4    8    7
     7 :    8    4    5